2021-04-07-21_37_18_exai_rpi_001_58_jpg.rf.10c2e77edf29423c65048aea0cea2f90.jpg
2021-04-07-21_43_40_exai_rpi_004_156_jpg.rf.145e9a04e8eebbb2ca5f54ba0eae89bd.jpg 647,827,884,1430,0 1398,176,1593,485,0
2021-04-07-21_37_18_exai_rpi_001_58_jpg.rf.3f18a703e39c97eadf1aca06b1580579.jpg
2021-04-07-21_39_20_exai_rpi_004_91_jpg.rf.50ffa9871940436b0683176505a61290.jpg
2021-04-07-21_39_06_exai_rpi_001_85_jpg.rf.4f90f03977ca236a8c3dce817be8913c.jpg 628,977,781,1159,0 262,891,456,1155,0 1358,963,1526,1129,0 699,0,1150,798,0
2021-04-07-21_39_06_exai_rpi_001_85_jpg.rf.4079b1953e5b08db3f50d90a2e751974.jpg 674,922,810,1091,0 240,706,521,985,0 1366,1145,1528,1306,0 978,11,1369,837,0
2021-04-07-21_36_40_exai_rpi_004_51_jpg.rf.3168e84b37f2279193ca5594dbd55ab0.jpg
2021-04-07-21_43_40_exai_rpi_004_156_jpg.rf.adee585b8e5f74b1f1d67ffc9a3921fc.jpg 663,2,968,638,0 1416,997,1618,1309,0
2021-04-07-21_39_20_exai_rpi_004_91_jpg.rf.c3f13347638260bfa0853c7d4bc61086.jpg
2021-04-07-21_40_10_exai_rpi_001_101_jpg.rf.31b37f99c5c76528f2626ef1903afab3.jpg 1096,1003,1250,1179,0 1415,869,1587,1154,0 350,1099,492,1230,0 679,38,1048,838,0
2021-04-07-21_36_40_exai_rpi_004_51_jpg.rf.056dafb405931fd27b53719f62eb03b2.jpg
2021-04-07-21_39_06_exai_rpi_001_85_jpg.rf.5bc6e4bdbfc68fa469f8aa6667dfa774.jpg 692,961,826,1129,0 254,844,507,1117,0 1413,991,1578,1156,0 843,0,1209,781,0
2021-04-07-21_39_20_exai_rpi_004_91_jpg.rf.1fc13b5577fd9d3711acbbe99e4c3e92.jpg
2021-04-07-21_43_40_exai_rpi_004_156_jpg.rf.47cb91b48e818c94366bc00eae3ca006.jpg 815,749,1184,1419,0 451,0,665,238,0
2021-04-07-21_37_18_exai_rpi_001_58_jpg.rf.d58acb03453d3e87833edcca35918296.jpg
2021-04-07-21_36_40_exai_rpi_004_51_jpg.rf.5838023d2e692148d1b27339cf0ef039.jpg
2021-04-07-21_45_00_exai_rpi_004_176_jpg.rf.990cc06eea5cbdb735319dc3f1947fed.jpg
2021-04-07-21_45_00_exai_rpi_004_176_jpg.rf.81f4d0fd391ff16166a23b8d0b5c24b8.jpg
2021-04-07-21_40_10_exai_rpi_001_101_jpg.rf.c993c57fb765bc0af9cb0ed3ff48a488.jpg 1193,955,1351,1090,0 1029,1263,1311,1443,0 1334,210,1459,346,0 250,510,1034,827,0
2021-04-07-21_45_00_exai_rpi_004_176_jpg.rf.62d5bf2b8856af45afce337c12e4d4ed.jpg
2021-04-07-21_40_10_exai_rpi_001_101_jpg.rf.9aac79bbff9cc23c4413f5898793be2f.jpg 1338,861,1531,1038,0 1253,1186,1574,1479,0 1330,119,1474,271,0 337,506,1153,963,0